  0   0   0  11  11  11  11   0   0  11  11  11  11   0   0   0
  0  11  11  68  68  68  68  11  11  68  68  68  68  11  11   0
  0  11  11  68  68  68  68  11  11  68  68  68  68  11  11   0
 11  68  68 255 255 255 255  68  68  68  68  68  68  68  68  11
 11  68  68 255  68  68  68  68  68  68  68  68  68  68  68  11
 11  68  68 255  68  68  68  68  68  68  68  68  68  68  68  11
 11  68  68  68  68  68  68  68  68  68  68  68  68  68  68  11
 11  68  68  68  68  68  68  68  68  68  68  68  68  68  68  11
 11  68  68  68  68  68  68  68  68  68  68  68  68  68  68  11
  0  11  11  68  68  68  68  68  68  68  68  68  68  11  11   0
  0   0   0  11  68  68  68  68  68  68  68  68  11   0   0   0
  0   0   0  11  68  68  68  68  68  68  68  68  11   0   0   0
  0   0   0   0  11  11  68  68  68  68  11  11   0   0   0   0
  0   0   0   0   0   0  11  68  68  11   0   0   0   0   0   0
  0   0   0   0   0   0  11  68  68  11   0   0   0   0   0   0
  0   0   0   0   0   0   0  11  11   0   0   0   0   0   0   0
  0   0   0  11  11  11  11   0   0  11  11  11  11   0   0   0
  0  11  11  68  68  68  68  11  11  68  68  68  68  11  11   0
  0  11  11  68  68  68  68  11  11  68  68  68  68  11  11   0
 11  68  68 255 255 255 255  68  68  68  68  68  68  68  68  11
 11  68  68 255  68  68  68  68  68  68  68  68  68  68  68  11
 11  68  68 255  68  68  68  68  68  68  68  68  68  68  68  11
 11  68  68  68  68  68  68  68  68  68  68  68  68  68  68  11
 11  68  68  68  68  68  68  68  68  68  68  68  68  68  68  11
 11  68  68  68  68  68  68  68  68  68  68  68  68  68  68  11
  0  11  11  68  68  68  68  68  68  68  68  68  68  11  11   0
  0   0   0  11  68  68  68  68  68  68  68  68  11   0   0   0
  0   0   0  11  68  68  68  68  68  68  68  68  11   0   0   0
  0   0   0   0  11  11  68  68  68  68  11  11   0   0   0   0
  0   0   0   0   0   0  11  68  68  11   0   0   0   0   0   0
  0   0   0   0   0   0  11  68  68  11   0   0   0   0   0   0
  0   0   0   0   0   0   0  11  11   0   0   0   0   0   0   0
  0   0   0 125 125 125 125   0   0 125 125 125 125   0   0   0
  0 125 125 230 230 230 230 125 125 230 230 230 230 125 125   0
  0 125 125 230 230 230 230 125 125 230 230 230 230 125 125   0
125 230 230 255 255 255 255 230 230 230 230 230 230 230 230 125
125 230 230 255 230 230 230 230 230 230 230 230 230 230 230 125
125 230 230 255 230 230 230 230 230 230 230 230 230 230 230 125
125 230 230 230 230 230 230 230 230 230 230 230 230 230 230 125
125 230 230 230 230 230 230 230 230 230 230 230 230 230 230 125
125 230 230 230 230 230 230 230 230 230 230 230 230 230 230 125
  0 125 125 230 230 230 230 230 230 230 230 230 230 125 125   0
  0   0   0 125 230 230 230 230 230 230 230 230 125   0   0   0
  0   0   0 125 230 230 230 230 230 230 230 230 125   0   0   0
  0   0   0   0 125 125 230 230 230 230 125 125   0   0   0   0
  0   0   0   0   0   0 125 230 230 125   0   0   0   0   0   0
  0   0   0   0   0   0 125 230 230 125   0   0   0   0   0   0
  0   0   0   0   0   0   0 125 125   0   0   0   0   0   0   0

  0   0   0  11  11  11  11  11  11   0   0   0   0   0   0   0
  0  11  11  68  68  68  68  68  68  11   0   0   0   0   0   0
  0  11  11  68  68  68  68  68  68  11   0   0   0   0   0   0
 11  68  68  68  68  68  68  68  68  68  11  11   0   0   0   0
 11  68  68  68  68  68  68  68  68  68  68  68  11   0   0   0
 11  68  68  68  68  68  68  68  68  68  68  68  11   0   0   0
 11  68  68  68  68  68  68  68  68  68  68  68  68  11  11   0
  0  11  11  68  68  68  68  68  68  68  68  68  68  68  68  11
  0  11  11  68  68  68  68  68  68  68  68  68  68  68  68  11
 11  68  68 255  68  68  68  68  68  68  68  68  68  11  11   0
 11  68  68 255  68  68  68  68  68  68  68  68  11   0   0   0
 11  68  68 255  68  68  68  68  68  68  68  68  11   0   0   0
 11  68  68 255 255 255  68  68  68  68  11  11   0   0   0   0
  0  11  11  68  68  68  68  68  68  11   0   0   0   0   0   0
  0  11  11  68  68  68  68  68  68  11   0   0   0   0   0   0
  0   0   0  11  11  11  11  11  11   0   0   0   0   0   0   0
  0   0   0  11  11  11  11  11  11   0   0   0   0   0   0   0
  0  11  11  68  68  68  68  68  68  11   0   0   0   0   0   0
  0  11  11  68  68  68  68  68  68  11   0   0   0   0   0   0
 11  68  68  68  68  68  68  68  68  68  11  11   0   0   0   0
 11  68  68  68  68  68  68  68  68  68  68  68  11   0   0   0
 11  68  68  68  68  68  68  68  68  68  68  68  11   0   0   0
 11  68  68  68  68  68  68  68  68  68  68  68  68  11  11   0
  0  11  11  68  68  68  68  68  68  68  68  68  68  68  68  11
  0  11  11  68  68  68  68  68  68  68  68  68  68  68  68  11
 11  68  68 255  68  68  68  68  68  68  68  68  68  11  11   0
 11  68  68 255  68  68  68  68  68  68  68  68  11   0   0   0
 11  68  68 255  68  68  68  68  68  68  68  68  11   0   0   0
 11  68  68 255 255 255  68  68  68  68  11  11   0   0   0   0
  0  11  11  68  68  68  68  68  68  11   0   0   0   0   0   0
  0  11  11  68  68  68  68  68  68  11   0   0   0   0   0   0
  0   0   0  11  11  11  11  11  11   0   0   0   0   0   0   0
  0   0   0 125 125 125 125 125 125   0   0   0   0   0   0   0
  0 125 125 230 230 230 230 230 230 125   0   0   0   0   0   0
  0 125 125 230 230 230 230 230 230 125   0   0   0   0   0   0
125 230 230 230 230 230 230 230 230 230 125 125   0   0   0   0
125 230 230 230 230 230 230 230 230 230 230 230 125   0   0   0
125 230 230 230 230 230 230 230 230 230 230 230 125   0   0   0
125 230 230 230 230 230 230 230 230 230 230 230 230 125 125   0
  0 125 125 230 230 230 230 230 230 230 230 230 230 230 230 125
  0 125 125 230 230 230 230 230 230 230 230 230 230 230 230 125
125 230 230 255 230 230 230 230 230 230 230 230 230 125 125   0
125 230 230 255 230 230 230 230 230 230 230 230 125   0   0   0
125 230 230 255 230 230 230 230 230 230 230 230 125   0   0   0
125 230 230 255 255 255 230 230 230 230 125 125   0   0   0   0
  0 125 125 230 230 230 230 230 230 125   0   0   0   0   0   0
  0 125 125 230 230 230 230 230 230 125   0   0   0   0   0   0
  0   0   0 125 125 125 125 125 125   0   0   0   0   0   0   0

  0   0   0   0   0   0   6  11  10   7   0   0   0   0   0   0
  0   0   0   0   0  10  16  35  33  15   6   0   0   0   0   0
  0   0   0   0   7  18  29  51  49  28  18   7   0   0   0   0
  0   0   0   5  13  31  60  65  65  60  29  13   6   0   0   0
  0   0   7  13  31  49  61  63  63  60  48  29  11   0   0   0
  0  10  18  31  49  67  65  66  65  65  67  47  31  18  10   0
  6  16  29  60  61  65  63  64  64  64  65  60  61  26  17   0
 11  35  51  65  63  66  64  65  64  64  66  63  65  49  34   9
 11  43  65  65  63  65  64  64  64  64  66  62  65  65  41  10
 11  42  65  65  63  65  64  64  64  64  65  69  79  68  41  10
 11  43  66  66  64  67  65  66  66  65  67 121 191  92  42  10
 11  41  63  63  60  63  62  63  92 131 142 178 233  97  41   9
 11  43  66  65  63  66  65  65 131 214 237 233 248 101  42   9
  9  19  32  65  63  66  59  36  52  91 102  97 101  36  19  10
  0   8  22  41  40  42  38  25  27  40  43  41  42  19   6   0
  0   0   8   9   9  10   9   9   8   9  10   9   9  10   0   0
  0   0   0   0   0   0   6  11  10   7   0   0   0   0   0   0
  0   0   0   0   0  10  16  35  33  15   6   0   0   0   0   0
  0   0   0   0   7  18  29  51  49  28  18   7   0   0   0   0
  0   0   0   5  13  31  60  65  65  60  29  13   6   0   0   0
  0   0   7  13  31  49  61  63  63  60  48  29  11   0   0   0
  0  10  18  31  49  67  65  66  65  65  67  47  31  18  10   0
  6  16  29  60  61  65  63  64  64  64  65  60  61  26  17   0
 11  35  51  65  63  66  64  65  64  64  66  63  65  49  34   9
 11  43  65  65  63  65  64  64  64  64  66  62  65  65  41  10
 11  42  65  65  63  65  64  64  64  64  65  69  79  68  41  10
 11  43  66  66  64  67  65  66  66  65  67 121 191  92  42  10
 11  41  63  63  60  63  62  63  92 131 142 178 233  97  41   9
 11  43  66  65  63  66  65  65 131 214 237 233 248 101  42   9
  9  19  32  65  63  66  59  36  52  91 102  97 101  36  19  10
  0   8  22  41  40  42  38  25  27  40  43  41  42  19   6   0
  0   0   8   9   9  10   9   9   8   9  10   9   9  10   0   0
  0   0   0   0   0 128 115 126 125 117 128   0   0   0   0   0
  0   0   0   0   0 118 130 165 162 129 119   0   0   0   0   0
  0   0   0  85 117 139 155 196 192 154 137 117 128   0   0   0
  0   0  85 120 127 161 213 221 221 212 156 125 119 102   0   0
  0   0 117 127 156 191 211 215 215 211 189 153 125 114   0   0
128 118 139 161 191 227 222 224 223 222 227 187 160 135 120   0
115 130 155 213 211 222 217 219 218 217 222 209 213 150 129 116
126 165 196 221 215 224 219 221 220 219 224 214 222 194 163 122
124 178 222 221 215 223 218 220 219 219 223 214 222 222 175 121
124 177 221 220 214 222 217 219 219 218 222 214 223 221 174 121
126 182 226 225 218 227 222 224 223 222 227 225 242 229 178 123
121 174 216 215 209 217 213 214 217 222 228 224 239 220 171 118
125 180 224 223 217 225 221 222 230 241 248 239 248 229 177 122
123 138 162 223 217 225 210 169 173 216 231 220 229 158 136 120
 85 119 140 177 171 178 170 146 147 171 179 171 177 136 116   0
  0 128 120 122 119 123 121 120 120 122 123 118 122 120   0   0

  0   0   0   0   0   0   8   9  11  11  11  10  11  13   0   0
  0   0   0   0   0  11  17  34  42  42  44  42  44  22   8   0
  0   0   0   0   8  20  28  49  66  69  96 103 107  41  22  13
  0   0   0  12  13  30  61  65  65  79 185 232 247 107  44  11
  0   0   8  13  31  48  61  63  63  69 117 176 232 103  42  10
  0  11  20  30  48  67  66  66  66  66  67 139 235 107  44  11
  8  17  28  61  61  66  64  65  65  64  66 128 211  95  41  11
  9  34  49  65  63  66  65  65  65  65  66  90 127  53  27  11
  9  34  49  65  63  66  65  65  65  65  66  63  65  38  27  11
  8  17  28  61  61  66  64  65  65  64  66  63  65  60  40  11
  0  11  20  30  48  67  66  66  66  66  67  64  67  67  43  11
  0   0   8  13  31  48  61  63  63  63  64  61  63  64  41  10
  0   0   0  12  13  30  61  65  65  65  67  63  66  66  43  11
  0   0   0   0   8  20  28  49  66  65  67  64  66  32  20  13
  0   0   0   0   0  11  17  34  42  42  43  41  43  20   8   0
  0   0   0   0   0   0   8   9  11  11  11  10  11  13   0   0
  0   0   0   0   0   0   8   9  11  11  11  10  11  13   0   0
  0   0   0   0   0  11  17  34  42  42  44  42  44  22   8   0
  0   0   0   0   8  20  28  49  66  69  96 103 107  41  22  13
  0   0   0  12  13  30  61  65  65  79 185 232 247 107  44  11
  0   0   8  13  31  48  61  63  63  69 117 176 232 103  42  10
  0  11  20  30  48  67  66  66  66  66  67 139 235 107  44  11
  8  17  28  61  61  66  64  65  65  64  66 128 211  95  41  11
  9  34  49  65  63  66  65  65  65  65  66  90 127  53  27  11
  9  34  49  65  63  66  65  65  65  65  66  63  65  38  27  11
  8  17  28  61  61  66  64  65  65  64  66  63  65  60  40  11
  0  11  20  30  48  67  66  66  66  66  67  64  67  67  43  11
  0   0   8  13  31  48  61  63  63  63  64  61  63  64  41  10
  0   0   0  12  13  30  61  65  65  65  67  63  66  66  43  11
  0   0   0   0   8  20  28  49  66  65  67  64  66  32  20  13
  0   0   0   0   0  11  17  34  42  42  43  41  43  20   8   0
  0   0   0   0   0   0   8   9  11  11  11  10  11  13   0   0
  0   0   0   0   0 255 120 123 123 123 125 121 124 123 102   0
  0   0   0   0   0 119 130 162 177 176 180 173 179 140 118 102
  0   0   0 102 120 137 152 193 223 222 230 222 230 163 140 123
  0   0 102 119 126 159 213 222 222 223 241 239 248 230 179 124
  0   0 120 126 154 188 210 215 215 215 225 224 239 222 173 121
255 119 137 159 188 227 223 224 224 223 227 228 248 232 181 125
120 130 152 213 210 223 218 219 219 218 223 222 240 217 172 124
123 162 193 222 215 224 219 220 220 219 224 218 230 174 147 124
123 162 193 222 215 224 219 220 220 219 224 215 222 173 147 124
120 130 152 213 210 223 218 219 219 218 223 214 221 212 172 124
255 119 137 159 188 227 223 224 224 223 227 218 225 226 180 125
  0   0 120 126 154 188 210 215 215 214 218 209 216 217 173 121
  0   0 102 119 126 159 213 222 222 221 225 216 224 224 179 124
  0   0   0 102 120 137 152 193 223 221 226 217 224 162 138 123
  0   0   0   0   0 119 130 162 177 176 180 173 179 138 118 102
  0   0   0   0   0 255 120 123 123 123 125 121 124 123 102   0
